11237113120234822423034593353404561446450567255756
13164331230427544234053865534506497664560751877567
68396152910941726312015283742302639485340374159645
31643995310275411642038652275304976338640518744975
73594194190461521521057263263206837437430794854854
57131212340824232345093534345601464545670257565678
13117821840422893295053391431606441254270755236538
76351146550746225766085733687709684479880179558199
47261323280837243439094835454101594656520261576763
22891719110391282122041239323305234143440634525455
22348224230345933534045614464505672557560678366867
24275442340538655345064976645607518775670862988678
79417263120152837423026394853403741596450485261756
42754116420386522753049763386405187449750629855186
84615215210572632632068374374307948548540815965965
68242323450935343456014645456702575656780368676789
24228932950533914316064412542707552365380866347649
87462257660857336877096844798801795581990281669211
58372434390948354541015946565202615767630372687874
33912821220412393233052341434406345254550745636566
33459335340456144645056725575606783668670789477978
35386553450649766456075187756708629886780973199789
81528374230263948534037415964504852617560596372867
53865227530497633864051874497506298551860731966297
95726326320683743743079485485408159659650926176176
79353434560146454567025756567803686767890479787891
35339143160644125427075523653808663476490977458751
98573368770968447988017955819902816692110392771322
69483545410159465652026157676303726878740483798985
44123932330523414344063452545507456365660856747677
44561446450567255756067836686707894779780891588189
46497664560751877567086298867809731997890184211891
92639485340374159645048526175605963728670617483978
64976338640518744975062985518607319662970842177318
16837437430794854854081596596509261761760137287287
81464545670257565678036867678904797878910581898912
46441254270755236538086634764909774587510188569862
19684479880179558199028166921103927713220413882433
71594656520261576763037268787404837989850594819196
55234143440634525455074563656608567476770967858788
55672557560678366867078947797808915881890912699291
57518775670862988678097319978901842118910295322912
13741596450485261756059637286706174839780728594189
75187449750629855186073196629708421773180953288429
27948548540815965965092617617601372872870248398398
92575656780368676789047978789105818989120692919123
57552365380866347649097745875101885698620299671973
21795581990281669211039277132204138824330524993544
82615767630372687874048379898505948191960615921217
66345254550745636566085674767709678587880178969899
